otima
valor otimo: 44.75
Solução:
  x1 = 0.0
  x2 = 1.0000000000000002
  x3 = 0.0
  x4 = 1.3749999999999996
  x5 = 0.0
  x6 = 0.0
  x7 = 0.0
  x8 = 2.375
  x9 = 0.0
  x10 = 0.0
